name: 'RawTransformer'
loss_fn: 'NLLLoss'
optimizer: 'Adam'
d_model: 128
dim_feedforward: 64
n_head: 4
num_layers: 1
dropout: 0.21797096001698196
lr: 0.008592412324383096
