name: 'RawTransformer'
loss_fn: 'NLLLoss'
optimizer: 'Adam'
d_model: 512
dim_feedforward: 64
n_head: 16
num_layers: 2
dropout: 0.5548173038670211
lr: 0.0044243441444608
